# Raw counters

Number of ranks: 80
Datatype size: 1
Alltoallv calls 0-419
Count: 200 calls - 0, 2, 4, 6, 8, 12, 14, 16, 18, 20, 22, 24, 26, 28, 30, 36-40, 42, 44, 46, 48, 50, 54, 56, 58, 60, 62, 64, 66, 68, 70, 72, 78-82, 84, 86, 88, 90, 92, 96, 98, 100, 102, 104, 106, 108, 110, 112, 114, 120-124, 126, 128, 130, 132, 134, 138, 140, 142, 144, 146, 148, 150, 152, 154, 156, 162-166, 168, 170, 172, 174, 176, 180, 182, 184, 186, 188, 190, 192, 194, 196, 198, 204-208, 210, 212, 214, 216, 218, 222, 224, 226, 228, 230, 232, 234, 236, 238, 240, 246-250, 252, 254, 256, 258, 260, 264, 266, 268, 270, 272, 274, 276, 278, 280, 282, 288-292, 294, 296, 298, 300, 302, 306, 308, 310, 312, 314, 316, 318, 320, 322, 324, 330-334, 336, 338, 340, 342, 344, 348, 350, 352, 354, 356, 358, 360, 362, 364, 366, 372-376, 378, 380, 382, 384, 386, 390, 392, 394, 396, 398, 400, 402, 404, 406, 408, 414-418


BEGINNING DATA
Rank(s) 0-79: 4752 4752 4752 4752 4752 4752 4752 4752 4752 4752 4752 4752 4752 4752 4752 4752 4752 4752 4752 4752 4752 4752 4752 4752 4752 4752 4752 4752 4752 4752 4752 4752 4752 4752 4752 4752 4752 4752 4752 4752 4752 4752 4752 4752 4752 4752 4752 4752 4752 4752 4752 4752 4752 4752 4752 4752 4752 4752 4752 4752 4752 4752 4752 4752 4752 4752 4752 4752 4752 4752 4752 4752 4752 4752 4752 4752 4752 4752 4752 4176 
END DATA
# Raw counters

Number of ranks: 80
Datatype size: 1
Alltoallv calls 0-419
Count: 150 calls - 1, 3, 5, 7, 9, 13, 15, 17, 19, 21, 23, 25, 27, 29, 31, 43, 45, 47, 49, 51, 55, 57, 59, 61, 63, 65, 67, 69, 71, 73, 85, 87, 89, 91, 93, 97, 99, 101, 103, 105, 107, 109, 111, 113, 115, 127, 129, 131, 133, 135, 139, 141, 143, 145, 147, 149, 151, 153, 155, 157, 169, 171, 173, 175, 177, 181, 183, 185, 187, 189, 191, 193, 195, 197, 199, 211, 213, 215, 217, 219, 223, 225, 227, 229, 231, 233, 235, 237, 239, 241, 253, 255, 257, 259, 261, 265, 267, 269, 271, 273, 275, 277, 279, 281, 283, 295, 297, 299, 301, 303, 307, 309, 311, 313, 315, 317, 319, 321, 323, 325, 337, 339, 341, 343, 345, 349, 351, 353, 355, 357, 359, 361, 363, 365, 367, 379, 381, 383, 385, 387, 391, 393, 395, 397, 399, 401, 403, 405, 407, 409


BEGINNING DATA
Rank(s) 0-78: 4752 4752 4752 4752 4752 4752 4752 4752 4752 4752 4752 4752 4752 4752 4752 4752 4752 4752 4752 4752 4752 4752 4752 4752 4752 4752 4752 4752 4752 4752 4752 4752 4752 4752 4752 4752 4752 4752 4752 4752 4752 4752 4752 4752 4752 4752 4752 4752 4752 4752 4752 4752 4752 4752 4752 4752 4752 4752 4752 4752 4752 4752 4752 4752 4752 4752 4752 4752 4752 4752 4752 4752 4752 4752 4752 4752 4752 4752 4752 4752 
Rank(s) 79: 4176 4176 4176 4176 4176 4176 4176 4176 4176 4176 4176 4176 4176 4176 4176 4176 4176 4176 4176 4176 4176 4176 4176 4176 4176 4176 4176 4176 4176 4176 4176 4176 4176 4176 4176 4176 4176 4176 4176 4176 4176 4176 4176 4176 4176 4176 4176 4176 4176 4176 4176 4176 4176 4176 4176 4176 4176 4176 4176 4176 4176 4176 4176 4176 4176 4176 4176 4176 4176 4176 4176 4176 4176 4176 4176 4176 4176 4176 4176 4176 
END DATA
# Raw counters

Number of ranks: 80
Datatype size: 1
Alltoallv calls 0-419
Count: 40 calls - 10, 32, 34, 41, 52, 74, 76, 83, 94, 116, 118, 125, 136, 158, 160, 167, 178, 200, 202, 209, 220, 242, 244, 251, 262, 284, 286, 293, 304, 326, 328, 335, 346, 368, 370, 377, 388, 410, 412, 419


BEGINNING DATA
Rank(s) 0-57: 4752 4752 4752 4752 4752 4752 4752 4752 4752 4752 4752 4752 4752 4752 4752 4752 4752 4752 4752 4752 4752 4752 4752 4752 4752 4752 4752 4752 4752 4752 4752 4752 4752 4752 4752 4752 4752 4752 4752 4752 4752 4752 4752 4752 4752 4752 4752 4752 4752 4752 4752 4752 4752 4752 4752 4752 4752 4752 4752 4752 4752 4752 4752 4752 4752 4752 4752 4752 4752 4752 4752 4752 4752 4752 4752 4752 4752 4752 4752 4176 
Rank(s) 58-79: 0 0 0 0 0 0 0 0 0 0 0 0 0 0 0 0 0 0 0 0 0 0 0 0 0 0 0 0 0 0 0 0 0 0 0 0 0 0 0 0 0 0 0 0 0 0 0 0 0 0 0 0 0 0 0 0 0 0 0 0 0 0 0 0 0 0 0 0 0 0 0 0 0 0 0 0 0 0 0 0 
END DATA
# Raw counters

Number of ranks: 80
Datatype size: 1
Alltoallv calls 0-419
Count: 30 calls - 11, 33, 35, 53, 75, 77, 95, 117, 119, 137, 159, 161, 179, 201, 203, 221, 243, 245, 263, 285, 287, 305, 327, 329, 347, 369, 371, 389, 411, 413


BEGINNING DATA
Rank(s) 0-78: 4752 4752 4752 4752 4752 4752 4752 4752 4752 4752 4752 4752 4752 4752 4752 4752 4752 4752 4752 4752 4752 4752 4752 4752 4752 4752 4752 4752 4752 4752 4752 4752 4752 4752 4752 4752 4752 4752 4752 4752 4752 4752 4752 4752 4752 4752 4752 4752 4752 4752 4752 4752 4752 4752 4752 4752 4752 4752 0 0 0 0 0 0 0 0 0 0 0 0 0 0 0 0 0 0 0 0 0 0 
Rank(s) 79: 4176 4176 4176 4176 4176 4176 4176 4176 4176 4176 4176 4176 4176 4176 4176 4176 4176 4176 4176 4176 4176 4176 4176 4176 4176 4176 4176 4176 4176 4176 4176 4176 4176 4176 4176 4176 4176 4176 4176 4176 4176 4176 4176 4176 4176 4176 4176 4176 4176 4176 4176 4176 4176 4176 4176 4176 4176 4176 0 0 0 0 0 0 0 0 0 0 0 0 0 0 0 0 0 0 0 0 0 0 
END DATA
