# Raw counters

Number of ranks: 160
Datatype size: 4
Alltoallv calls 0-0
Count: 1 calls - 0


BEGINNING DATA
Rank(s) 0-19: 0 0 0 0 0 0 0 0 0 0 0 0 0 0 0 0 0 0 0 0 0 0 0 0 0 0 0 0 0 0 0 0 0 0 0 0 0 0 0 0 25400 25400 25400 25400 25400 25400 25400 25400 25400 25400 25400 25400 25400 25400 25400 25400 25400 25400 25400 25400 0 0 0 0 0 0 0 0 0 0 0 0 0 0 0 0 0 0 0 0 25400 25400 25400 25400 25400 25400 25400 25400 25400 25400 25400 25400 25400 25400 25400 25400 25400 25400 25400 25400 0 0 0 0 0 0 0 0 0 0 0 0 0 0 0 0 0 0 0 0 0 0 0 0 0 0 0 0 0 0 0 0 0 0 0 0 0 0 0 0 0 0 0 0 0 0 0 0 0 0 0 0 0 0 0 0 0 0 0 0 
Rank(s) 20-39, 60-79, 100-119, 140-159: 0 0 0 0 0 0 0 0 0 0 0 0 0 0 0 0 0 0 0 0 0 0 0 0 0 0 0 0 0 0 0 0 0 0 0 0 0 0 0 0 0 0 0 0 0 0 0 0 0 0 0 0 0 0 0 0 0 0 0 0 0 0 0 0 0 0 0 0 0 0 0 0 0 0 0 0 0 0 0 0 0 0 0 0 0 0 0 0 0 0 0 0 0 0 0 0 0 0 0 0 0 0 0 0 0 0 0 0 0 0 0 0 0 0 0 0 0 0 0 0 0 0 0 0 0 0 0 0 0 0 0 0 0 0 0 0 0 0 0 0 0 0 0 0 0 0 0 0 0 0 0 0 0 0 0 0 0 0 0 0 
Rank(s) 40-59: 0 0 0 0 0 0 0 0 0 0 0 0 0 0 0 0 0 0 0 0 0 0 0 0 0 0 0 0 0 0 0 0 0 0 0 0 0 0 0 0 0 0 0 0 0 0 0 0 0 0 0 0 0 0 0 0 0 0 0 0 0 0 0 0 0 0 0 0 0 0 0 0 0 0 0 0 0 0 0 0 0 0 0 0 0 0 0 0 0 0 0 0 0 0 0 0 0 0 0 0 25400 25400 25400 25400 25400 25400 25400 25400 25400 25400 25400 25400 25400 25400 25400 25400 25400 25400 25400 25400 25400 25400 25400 25400 25400 25400 25400 25400 25400 25400 25400 25400 25400 25400 25400 25400 25400 25400 25400 25400 0 0 0 0 0 0 0 0 0 0 0 0 0 0 0 0 0 0 0 0 
Rank(s) 80-99: 25400 25400 25400 25400 25400 25400 25400 25400 25400 25400 25400 25400 25400 25400 25400 25400 25400 25400 25400 25400 0 0 0 0 0 0 0 0 0 0 0 0 0 0 0 0 0 0 0 0 0 0 0 0 0 0 0 0 0 0 0 0 0 0 0 0 0 0 0 0 0 0 0 0 0 0 0 0 0 0 0 0 0 0 0 0 0 0 0 0 0 0 0 0 0 0 0 0 0 0 0 0 0 0 0 0 0 0 0 0 0 0 0 0 0 0 0 0 0 0 0 0 0 0 0 0 0 0 0 0 0 0 0 0 0 0 0 0 0 0 0 0 0 0 0 0 0 0 0 0 25400 25400 25400 25400 25400 25400 25400 25400 25400 25400 25400 25400 25400 25400 25400 25400 25400 25400 25400 25400 
Rank(s) 120-139: 0 0 0 0 0 0 0 0 0 0 0 0 0 0 0 0 0 0 0 0 25400 25400 25400 25400 25400 25400 25400 25400 25400 25400 25400 25400 25400 25400 25400 25400 25400 25400 25400 25400 0 0 0 0 0 0 0 0 0 0 0 0 0 0 0 0 0 0 0 0 25400 25400 25400 25400 25400 25400 25400 25400 25400 25400 25400 25400 25400 25400 25400 25400 25400 25400 25400 25400 0 0 0 0 0 0 0 0 0 0 0 0 0 0 0 0 0 0 0 0 0 0 0 0 0 0 0 0 0 0 0 0 0 0 0 0 0 0 0 0 0 0 0 0 0 0 0 0 0 0 0 0 0 0 0 0 0 0 0 0 0 0 0 0 0 0 0 0 0 0 0 0 0 0 0 0 0 0 0 0 
END DATA
